0:010202,010204,010206,010209,010103,010112,010119,010121,010122,010123,010124,010125,010126,010127,011702,011704,011705,011706,011708,011710,011711,
1:010501,010508,011005,011006,011007,011008,011801,011804,011805,011807,011810,011812,011813,011814,
2:010203,010210,010502,010505,010510,010511,010513,010515,010517,010801,010805,010806,010808,010809,011201,011202,011203,011204,
3:010516,010109,010304,010305,010307,010309,010310,010312,010313,010316,010317,010318,011102,011103,011104,011106,011107,011109,011403,011404,011405,011407, 
4:010702,010704,010705,010706,010913,010916,010917,010918,010919,010925,011503,
5:010902,010904,010908,010921,010926,010935,010936,011502,011504,011507,011509,
6:010901,010907,010914,010922,010924,010932,010933,010934,010402,010407,010409,010411,010413,010414,010415,010416,010417,010418,010419,010420,010421,010422,010423,010424,010602,010606,010607,010608,010610,010611,011301,011302,011303,
7:011304,011305,011310,011315,011318,011319,011320,011321,011322,011601,011901,011902,011903,011905,011906,011907,011910,
8:030705,030709,030712,030714,030716,030719,030726,030729,030730,030736,030739,030741,030812,030824,030830,030832,030836,030837,030857,030871,030875,030878,030881,030889,030891,031401,031404,031406,031408,031409,
9:031206,031212,031215,031216,031221,031223,031224,031227,031233,031235,031241,031249,031250,031251,031252,031254,031255,031256,031258,031259,031260,
10:030401,030404,030405,030406,030407,030408,030413,030415,030418,030419,030420,030421,030501,030502,030503,030508,030510,030515,030517,030518,030520,030521,030523,030524,030525,030526,030527,030708,030722,030723,030724,030725,030728,030733,030737,030738,030740,030742,030743,030744,030877,030906,030908,030912,030913,030914,030915,030917,030919,030921,030923,030924,030925,030926,030927,030929,030930,030931,030933,030934,030935,031105,031107,031108,031109,031110,031111,031112,031113,031115,031118,031120,031122,031123,031124,031125,031126,
11:030821,030823,030828,030831,030840,030850,030854,030866,030882,031204,031210,031213,031219,031225,031230,031232,031234,031239,031242,031247,031253,031257, 
12:030801,030804,030806,030807,030808,030813,030815,030820,030827,030835,030838,030842,030858,030865,030868,030876,030879,030880,030883,030884,030885,030886,030887,030888,030890,030922,030932,
13:030312,030319,030334,030349,030351,030355,030365,030370,030377,030378,
14:030206,030208,030212,030215,030216,030218,030220,030221,030228,030234,030235,030237,030244,030255,030257,030259,030260,030263,030287,030295,030296,030297,030298,0302,0302,0302,0302,0302,030601,030608,030610,030615,030616,030617,030618,030619,030620,
15:030313,030315,030322,030325,030330,030336,030338,030354,030356,030357,030363,030364,030366,030367,030369,030371,030372,030373,030374,030375,030376,030379,030381,
16:030102,030104,030105,030107,030108,030111,030112,030113,030118,030119,030120,030125,030126,030127,030128,030129,030301,030331,030368,030380,031001,031003,031004,031008,031009,031010,031012,031013,031014,031015,031017,031018,031019,031020,031304,031308,031309,031311,031313,031316,031317,031323,031324,031325,031328,031330,031331,031335,031337,031340,031342,031350,031352,031354,031355,031359,031360,031361,031362,031363,031364,031365,031366,031367,031368,031369,031370,
17:030201,030202,030203,030205,030209,030210,030213,030224,030242,030243,030245,030247,030252,030254,030256,030261,030264,030265,030268,030272,030277,030279,030282,030283,030290,030291,030292,030293,030294,030299,0302,0302,0302,