0:030705,030709,030712,030714,030716,030719,030726,030729,030730,030736,030739,030741,030812,030824,030830,030832,030836,030837,030857,030871,030875,030878,030881,030889,030891,031401,031404,031406,031408,031409,
1:031206,031212,031215,031216,031221,031223,031224,031227,031233,031235,031241,031249,031250,031251,031252,031254,031255,031256,031258,031259,031260,
2:030401,030404,030405,030406,030407,030408,030413,030415,030418,030419,030420,030421,030501,030502,030503,030508,030510,030515,030517,030518,030520,030521,030523,030524,030525,030526,030527,030708,030722,030723,030724,030725,030728,030733,030737,030738,030740,030742,030743,030744,030877,030906,030908,030912,030913,030914,030915,030917,030919,030921,030923,030924,030925,030926,030927,030929,030930,030931,030933,030934,030935,031105,031107,031108,031109,031110,031111,031112,031113,031115,031118,031120,031122,031123,031124,031125,031126,
3:030821,030823,030828,030831,030840,030850,030854,030866,030882,031204,031210,031213,031219,031225,031230,031232,031234,031239,031242,031247,031253,031257,
4:030801,030804,030806,030807,030808,030813,030815,030820,030827,030835,030838,030842,030858,030865,030868,030876,030879,030880,030883,030884,030885,030886,030887,030888,030890,030922,030932,
5:010702,010704,010705,010706,010913,010916,010917,010918,010919,010925,011503,
6:010902,010904,010908,010921,010926,010935,010936,011502,011504,011507,011509,
7:010901,010907,010914,010922,010924,010932,010933,010934,010402,010407,010409,010411,010413,010414,010415,010416,010417,010418,010419,010420,010421,010422,010423,010424,010602,010606,010607,010608,010610,010611,011301,011302,011303,
8:011304,011305,011310,011315,011318,011319,011320,011321,011322,011601,011901,011902,011903,011905,011906,011907,011910,
9:010202,010204,010206,010209,010103,010112,010119,010121,010122,010123,010124,010125,010126,010127,011702,011704,011705,011706,011708,011710,011711,
10:010501,010508,011005,011006,011007,011008,011801,011804,011805,011807,011810,011812,011813,011814,
11:010203,010210,010502,010505,010510,010511,010513,010515,010517,010801,010805,010806,010808,010809,011201,011202,011203,011204,
12:111124,111125,
13:111413,110203,111414,111415,110705,110702,111412,
14:110814,110805,110810,110812,110806,110808,110803,110813,110108,110118,110913,111316,111314,110904,110906,111321,111326,111323,
15:111408,110707,110708,110729,110728,
16:111122,111126,111115,
17:110508,110501,
18:110507,110506,
19:110310,110306,110302,110401,110413,110303,110301,110117,110412,110114,111322,111325,110410,110407,110409,110113,110304,110109,111409,110120,110411,110307,110202,111311,110107,
20:110726,110727,110731,110730,
21:111105,111128,111108,111127,
22:110921,111202,110201,110902,110911,110922,110919,111318,111306,111324,111310,111203,110918,110909,110204,111201,110106,110119,110121,111317,
23:110920,111102,111123,