0:110662,110621,110633,
1:111515,111516,111517,
2:110656,110665,110667,110663,
3:110660,110659,110661,110666,110602,
4:110610,110639,110608,
5:111009,111014,111002,
6:111610,111608,111514,
7:110601,110658,111012,
8:110654,110655,110607,110657,
9:111609,111603,
10:111512,111013,111513,
11:110664,110611,110618,
12:111115,111122,111126,
13:110906,110708,110922,110707,110902,110920,110729,110702,111408,110201,
14:110810,111314,111203,110806,110904,111316,111321,110919,111324,111318,111306,111325,110705,110921,110911,111202,110913,110909,110918,111323,111201,
15:110203,111414,111409,110120,110119,110728,110109,
16:110507,110506,
17:111413,111415,111412,110202,110106,110117,110108,110107,110121,110204,
18:111102,111123,
19:111105,111127,111128,111108,
20:111124,111125,
21:110508,110501,
22:110726,110727,110731,110730,
23:110805,110413,110409,110407,110401,110310,110306,110303,110411,110302,110814,110803,110304,110307,110412,110301,110113,110410,111310,111317,111322,111311,111326,110813,110808,110812,110114,110118,