0:111102,111123,110920,
1:110705,110911,111202,110702,111201,111408,110729,110728,
2:111415,111409,110304,110109,110307,110302,111413,
3:111115,111126,111122,
4:111128,111108,111127,111105,
5:110906,110902,110918,110913,111324,110919,111203,110909,110921,110708,110922,110707,
6:111124,111125,
7:110726,110727,110731,110730,
8:110810,111310,111316,111314,111318,110904,111317,111306,111326,111323,110113,110118,110108,110806,111311,111321,110812,110814,110114,110121,110808,
9:110508,110501,
10:110413,110401,110310,110407,110409,110412,110203,110803,110411,111322,110813,110805,110410,110202,110301,110303,110306,110120,111414,110117,110107,110106,110204,111412,110119,111325,110201,
11:110506,110507,
12:111009,111014,111002,
13:110662,110633,110621,
14:110661,110660,110602,110665,110666,110659,
15:110663,110656,110607,110667,
16:111516,111517,111515,
17:110601,111012,110658,
18:111512,111513,111013,
19:110655,110654,110657,
20:111603,111609,
21:110664,110611,110618,
22:110639,110610,110608,
23:111608,111514,111610,
24:011507,011502,011504,011509,011315,011319,010935,010904,010921,010926,
1:011305,011902,010908,010902,011322,011601,011318,011321,010936,011304,011310,
2:010702,010917,010706,010705,010704,010901,010918,010916,010913,010925,010919,010924,010907,011503,
3:010602,010611,010608,010607,010421,010420,010416,010606,010610,010402,010423,010414,010419,010424,010422,010417,011901,010415,010413,010418,011301,010411,011303,010407,010409,010922,010934,010933,010932,011903,011905,011907,011906,011910,011320,011302,010914,