0:110607,110657,110655,110654,
1:111516,111517,111515,
2:111609,111603,
3:110601,110658,111012,
4:111009,111014,111002,
5:110661,110660,110602,110659,110666,
6:111610,111514,111608,
7:110662,110621,110633,
8:111513,111512,111013,
9:110663,110656,110667,110665,
10:110639,110610,110608,
11:110618,110611,110664,
12:010515,010513,010508,010516,010210,010502,010202,010126,010505,010517,010125,010109,
13:011007,011801,011812,011804,011810,011813,011814,011005,011805,011008,010501,011006,011405,011807,010510,011403,010511,
14:011702,010801,010806,010204,010805,010809,010808,011201,011202,010206,011711,011705,011706,011704,010203,010209,011204,011203,010112,010119,011710,011708,010127,
15:011102,011103,011106,011109,011107,011104,010312,010307,010318,010305,010304,010317,010310,010309,010122,010316,011404,010313,010103,011407,010123,010124,010121,
16:010702,010917,010706,010705,010704,010916,010925,010918,010921,010901,010913,010924,010926,010907,
17:011504,011507,011509,010936,011502,010919,011503,010935,010932,
18:010602,010402,010424,010414,010421,010611,010608,010607,010423,011901,011905,010422,011903,011906,011301,011910,011907,010610,010407,010416,010606,010413,010409,010419,010415,010417,010420,010418,010411,011303,011902,011310,010933,010934,010922,010914,
19:010902,011601,011322,011318,011305,011302,011320,011304,011321,010908,010904,011319,011315,
20:111102,111123,
21:111115,111126,111122,
22:110920,111127,111105,111128,111108,
23:111413,111414,111412,111415,110203,110202,
24:110507,110506,
25:110412,110407,110401,110413,110409,110310,110805,110301,110303,110306,110803,110814,110302,110813,110410,110411,110113,110114,110304,110812,110109,110117,111325,111322,110108,110806,110118,110119,110120,110307,
26:111314,111316,111310,111324,111318,110904,110913,111317,111306,111321,111323,110107,111203,111326,110106,110121,110810,111311,111202,110201,110808,
27:110726,110727,110728,111409,
28:110902,110918,110909,110921,110906,110708,110707,110911,110919,110922,
29:110705,110730,110729,110731,111201,110204,110702,111408,
30:111124,111125,
31:110508,110501,
32:31204,031213,031253,031252,031254,031242,031221,031258,031250,031257,031224,031233,031260,031216,031239,031210,031247,031232,031241,031235,031234,
33:31406,031401,031409,030836,030891,031408,030831,030828,030882,031404,030807,030837,030823,030866,030835,030875,030885,030838,030884,030815,030871,030808,
34:30723,030405,030420,030401,030407,030415,031113,031123,031115,031125,031112,031105,031109,031126,030515,030508,030525,030527,030406,030725,030737,030501,030510,031108,030413,030408,030419,030421,030502,030523,030935,030923,030930,030906,030526,030503,030917,030524,030418,030521,030518,030404,030921,031110,030914,030908,030744,030520,030933,030729,031107,030925,030724,030743,031124,031111,030877,030740,030708,030739,030733,030926,030913,030931,030517,030820,030919,030915,030716,031122,030728,030738,030742,030722,
35:30827,030922,030932,030730,030714,030880,030879,030801,030726,030830,030804,030812,030888,030842,030741,030806,030824,030886,030858,030889,030712,030912,030934,030924,030929,030865,031118,030736,030709,030719,030705,030927,031120,030890,030878,
36:31227,031251,031215,031255,030876,030883,030813,030840,030857,030881,030887,030868,030854,031219,031223,031256,031259,030850,031225,031230,030821,031249,031206,030832,031212,